ResNet18 test set

              precision    recall  f1-score   support

           0       0.67      0.73      0.70        99
           1       0.90      0.81      0.86       117
           2       0.54      0.43      0.48       140
           3       0.67      0.64      0.65        97
           4       0.52      0.65      0.58        92
           5       0.76      0.80      0.78        83
           6       0.34      0.37      0.35        90
           7       0.85      0.84      0.84        97
           8       0.75      0.79      0.77        90
           9       0.82      0.82      0.82        95

    accuracy                           0.68      1000
   macro avg       0.68      0.69      0.68      1000
weighted avg       0.68      0.68      0.68      1000
--------------------------------------------------------
CustomNet test set

              precision    recall  f1-score   support

           0       0.85      0.90      0.88       101
           1       0.98      0.99      0.99       104
           2       0.82      0.81      0.82       112
           3       0.84      0.85      0.84        92
           4       0.83      0.86      0.84       111
           5       0.89      0.94      0.91        82
           6       0.76      0.68      0.72       109
           7       0.92      0.90      0.91        97
           8       0.95      0.96      0.95        94
           9       0.95      0.92      0.93        98

    accuracy                           0.88      1000
   macro avg       0.88      0.88      0.88      1000
weighted avg       0.88      0.88      0.88      1000